#Parameter file for the Mantis MM-UAV

motor:
  num: 6
  arm_len: 0.275 #m
  #thrust_max: 8.5 #11.6110736 # N
  kv: 960
  rpm_thrust_curve:
    m: 0.0008318056
    c: -1.8044052
  drag_max: 6.3 # N

servo:
  torque_max: 2.0 # N
  ang_max: 1.570796326794897 # radians

pwm:
  min: 1000
  max: 2000

vel_max: 0.5

takeoff:
  x: 0.0
  y: 0.0
  z: 1.0

controller_id:
  gain:
    pos:
      xy:
        p: 2.0
        i: 2.0
      z:
        p: 2.0
        i: 4.0
    vel:
      xy:
        p: 1.5
      z:
        p: 1.0
    rot:
      ang:
        p: 2.0
      rate:
        p: 7.0

links:
  num: 3
  l0:
    name: "mount"
    d: -0.05025
    t: 0.0
    r: 0.0
    a: 1.570796326794897
    type: "static"
  l1:
    name: "joint_shoulder"
    d: 0.0
    t: -1.570796326794897
    r: 0.18325
    a: 0.0
    type: "twist_z"
    beta: 0.8
  l2:
    name: "joint_elbow"
    d: 0.0
    t: 0.0
    r: 0.18325
    a: 0.0
    type: "twist_z"
    beta: 0.8

body:
  num: 3
  b0:
    mass:
      m: 2.295 # Base + props
      Ix: 0.03541
      Iy: 0.03504
      Iz: 0.06791
    com: 0.0
  b1:
    mass:
      m: 0.205
      Ix: 0.00005
      Iy: 0.00068
      Iz: 0.00067
    com: 0.122
  b2:
    mass:
      m: 0.12
      Ix: 0.00004
      Iy: 0.00032
      Iz: 0.00032
    com: 0.089
