#Parameter file for the Mantis MM-UAV

motor:
  num: 6
  arm_len: 0.275 #m
  thrust_max: 10.5225 # N
  drag_max: 0.63 # N

servo:
  torque_max: 2.0 # N
  ang_max: 1.570796326794897 # radians

pwm:
  min: 1000
  max: 2000

vel_max: 0.5

takeoff:
  x: 0.0
  y: 0.0
  z: 2.0

gain:
  position_xy: [10,4.8]
  position_z: [4.4721,5.3800]
  rotation: [3.16,10.31]
#  rotation_xy: [3.16,10.31]
#  rotation_z: [3.16,10.31]

links:
  num: 3
  l0:
    name: "mount"
    d: -0.05025
    t: 0.0
    r: 0.0
    a: 1.570796326794897
    type: "static"
  l1:
    name: "joint_shoulder"
    d: 0.0
    t: -1.570796326794897
    r: 0.18325
    a: 0.0
    type: "twist_z"
    beta: 0.8
  l2:
    name: "joint_elbow"
    d: 0.0
    t: 0.0
    r: 0.18325
    a: 0.0
    type: "twist_z"
    beta: 0.8

body:
  num: 3
  b0:
    mass:
      m: 1.80497 # Base + props
      Ix: 0.02961
      Iy: 0.02933
      Iz: 0.05342
    com: 0.0
  b1:
    mass:
      m: 0.10022841
      Ix: 0.00001678
      Iy: 0.00025428
      Iz: 0.00024944
    com: 0.15047991
  b2:
    mass:
      m: 0.10022841
      Ix: 0.00001678
      Iy: 0.00025428
      Iz: 0.00024944
    com: 0.15047991
