#Paramter file for the Mantis MM-UAV

motor:
  num: 6
  thrust_max: 10.5225 # N
  drag_max: 0.63 # N

pwm:
  min: 1000
  max: 2000

vel_max: 0.5

takeoff:
  x: 0.0
  y: 0.0
  z: 2.0

gain:
  position: [14.1421,15.1091,14.1421,15.1091,14.1421,15.1091]
  rotation: [14.1421,20.6950,14.1421,20.6950,14.1421,20.6950]
  manipulator: [14.1421,20.6950,14.1421,20.6950]

links:
  num: 2
  servo:
    torque_max: 2.0 # N
    ang_max: 1.570796326794897 # radians

length:
  la: 0.275
  l0: -0.05025
  l1: 0.18325
  l2: 0.18325
  lc1: 0.15047991
  lc2: 0.15047991

mass:
  b0:
    m: 1.578 # Base + props
    Ix: 0.015198135489664
    Iy: 0.014353211169664
    Iz: 0.027767959346667
  b1:
    m: 0.10022841
    Ix: 0.00001678
    Iy: 0.00025428
    Iz: 0.00024944
  b2:
    m: 0.10022841
    Ix: 0.00001678
    Iy: 0.00025428
    Iz: 0.00024944
