#Paramter file for the Mantis MM-UAV

num_motors: 6

pwm:
  min: 1000
  max: 2000

gain:
  ang:
    roll:
      p: 6.5
    pitch:
      p: 6.5
    yaw:
      p: 6.5
    r1:
      p: 6.5
    r2:
      p: 6.5
  rate:
    roll:
      p: 0.05
    pitch:
      p: 0.05
    yaw:
      p: 0.2
    r1:
      p: 0.2
    r2:
      p: 0.2

length:
  la: 0.275
  l0: -0.05
  l1: 0.18325
  l2: 0.18325
  lc1: 0.15047991
  lc2: 0.15047991

mass:
  b0:
    m: 1.5480
    Ix: 0.015198135489664
    Iy: 0.014353211169664
    Iz: 0.027767959346667
  b1:
    m: 0.10022841
    Ix: 0.00001678
    Iy: 0.00025428
    Iz: 0.00024944
  b2:
    m: 0.10022841
    Ix: 0.00001678
    Iy: 0.00025428
    Iz: 0.00024944
